upcrossroad,downcrossroad,distance
0,1,639
0,2,421
0,3,313
0,4,580
1,0,639
1,5,718
1,6,437
1,12,371
2,0,421
2,6,625
2,7,615
2,8,273
3,0,313
3,8,418
3,9,255
3,10,382
4,0,580
4,10,330
4,11,580
4,12,615
5,1,718
6,1,437
6,2,625
7,2,615
8,2,273
8,3,418
9,3,255
10,3,382
10,4,330
11,4,580
12,1,371
12,4,615
